一次指数平滑预测法alpha=0.18
11.35899787429132
69.421588287123
3.6080331481125554
18.604163751568812
15.692190466636838
31.307134332019615
3.178575672190485

简单一次移动平均预测法
11.782663910642993
80.85639426481059
4.198310575494825
21.472347061085063
19.25153898385148
35.738838962529414
3.3395504791210153

二次指数平滑预测法alpha=0.1
11.483501541038235
71.18043615048707
3.7034413202375003
18.922222434988715
16.255238140898896
32.142732787259746
3.244412991276535

三次指数平滑预测法alpha=0.07
11.552144167253266
72.33256161187957
3.7832590854723063
19.135997296668176
16.594391261786388
32.740289118406544
3.297545053535653